24
1
13
1
100
1
22
1
16
1
22
1
29
1
40
1
77
1
51
1
66
1
61
1
20
1
46
1
44
1
73
1
32
1
90
1
89
1
88
1
41
1
11
1
16
1
50
1
4
1
99
1
73
1
31
1
81
1
41
1
82
1
5
1
37
1
67
1
55
1
63
1
95
1
46
1
94
1
4
1
1
1
28
1
57
1
86
1
25
1
43
1
1
1
46
1
69
1
55
1
39
1
52
1
68
1
79
1
47
1
26
1
80
1
53
1
67
1
0
1
41
1
95
1
99
1
57
1
2
1
70
1
25
1
48
1
17
1
43
1
16
1
47
1
57
1
11
1
100
1
26
1
94
1
32
1
28
1
68
1
10
1
68
1
88
1
81
1
16
1
79
1
55
1
70
1
53
1
32
1
70
1
53
1
34
1
80
1
1
1
94
1
15
1
82
1
50
1
68
1
72
25
0
