1
62
1
39
1
80
1
45
1
69
1
50
1
66
1
78
1
99
1
7
1
51
1
63
1
95
1
23
1
83
1
88
1
65
1
47
1
23
1
92
1
56
1
26
1
50
1
75
1
25
1
25
1
88
1
97
1
55
1
99
1
61
1
64
1
55
1
85
1
10
1
16
1
5
1
95
1
8
1
74
1
64
1
56
1
7
1
67
1
58
1
36
1
86
1
24
1
92
1
41
1
58
1
30
1
79
1
41
1
52
1
15
1
36
1
14
1
17
1
11
1
29
1
23
1
93
1
77
1
11
1
63
1
40
1
68
1
58
1
10
1
53
1
82
1
71
1
46
1
55
1
96
1
93
1
46
1
42
1
77
1
61
1
51
1
82
1
98
1
70
1
100
1
78
1
55
1
86
1
75
1
76
1
54
1
26
1
66
1
85
1
57
1
12
1
19
1
56
1
23
24
18
25
0
