24
1
35
1
56
1
59
1
88
1
36
1
96
1
47
1
47
1
3
1
89
1
7
1
92
1
0
1
67
1
89
1
19
1
47
1
6
1
59
1
54
1
39
1
74
1
29
1
17
1
98
1
1
1
25
1
37
1
43
1
94
1
59
1
3
1
0
1
41
1
84
1
13
1
0
1
83
1
82
1
61
1
25
1
91
1
58
1
74
1
62
1
32
1
19
1
52
1
99
1
75
1
58
1
43
1
15
1
11
1
64
1
35
1
78
1
11
1
71
1
65
1
18
1
64
1
64
1
87
1
24
1
70
1
49
1
78
1
69
1
39
1
10
1
17
1
82
1
93
1
13
1
5
1
91
1
51
1
23
1
84
1
48
1
91
1
90
1
28
1
7
1
7
1
85
1
49
1
93
1
20
1
66
1
44
1
89
1
65
1
18
1
16
1
15
1
15
1
43
1
18
25
0
