1
43
1
85
1
18
1
61
1
87
1
46
1
6
1
37
1
12
1
57
1
91
1
40
1
4
1
48
1
49
1
87
1
81
1
63
1
92
1
8
1
0
1
71
1
76
1
18
1
32
1
8
1
95
1
42
1
13
1
44
1
43
1
98
1
59
1
44
1
18
1
90
1
56
1
98
1
42
1
21
1
9
1
59
1
27
1
64
1
28
1
69
1
60
1
71
1
46
1
2
1
31
1
96
1
27
1
89
1
78
1
73
1
50
1
94
1
74
1
15
1
78
1
4
1
17
1
41
1
43
1
40
1
62
1
66
1
44
1
67
1
32
1
39
1
45
1
96
1
31
1
50
1
51
1
16
1
70
1
86
1
55
1
64
1
99
1
14
1
94
1
58
1
51
1
43
1
45
1
16
1
4
1
60
1
90
1
3
1
57
1
29
1
5
1
28
1
23
1
3
24
14
43
14
85
14
18
14
61
14
87
14
46
14
6
14
37
14
12
14
57
14
91
14
40
14
4
14
48
14
49
14
87
14
81
14
63
14
92
14
8
14
0
14
71
14
76
14
18
14
32
14
8
14
95
14
42
14
13
14
44
14
43
14
98
14
59
14
44
14
18
14
90
14
56
14
98
14
42
14
21
14
9
14
59
14
27
14
64
14
28
14
69
14
60
14
71
14
46
14
2
14
31
14
96
14
27
14
89
14
78
14
73
14
50
14
94
14
74
14
15
14
78
14
4
14
17
14
41
14
43
14
40
14
62
14
66
14
44
14
67
14
32
14
39
14
45
14
96
14
31
14
50
14
51
14
16
14
70
14
86
14
55
14
64
14
99
14
14
14
94
14
58
14
51
14
43
14
45
14
16
14
4
14
60
14
90
14
3
14
57
14
29
14
5
14
28
14
23
14
3
25
0
