1
64
1
65
1
88
1
63
1
27
1
70
1
71
1
97
1
41
1
90
1
96
1
29
1
46
1
19
1
41
1
94
1
6
1
54
1
1
1
96
1
95
1
92
1
99
1
63
1
38
1
75
1
89
1
24
1
73
1
85
1
53
1
64
1
95
1
47
1
72
1
52
1
86
1
26
1
30
1
80
1
61
1
44
1
30
1
77
1
29
1
68
1
34
1
34
1
77
1
38
1
98
1
41
1
24
1
9
1
7
1
1
1
13
1
95
1
100
1
90
1
52
1
2
1
83
1
80
1
24
1
33
1
41
1
99
1
52
1
33
1
48
1
92
1
70
1
33
1
76
1
24
1
3
1
9
1
26
1
16
1
17
1
95
1
31
1
78
1
93
1
62
1
80
1
87
1
6
1
32
1
98
1
4
1
70
1
2
1
39
1
1
1
40
1
54
1
43
1
92
24
7
92
25
0
