1
86
1
32
1
93
1
64
1
48
1
84
1
19
1
37
1
17
1
19
1
51
1
86
1
46
1
58
1
56
1
97
1
53
1
58
1
18
1
74
1
68
1
23
1
92
1
55
1
23
1
60
1
41
1
88
1
90
1
76
1
47
1
27
1
16
1
86
1
43
1
17
1
36
1
60
1
73
1
89
1
68
1
58
1
2
1
4
1
94
1
36
1
8
1
94
1
50
1
50
1
50
1
47
1
51
1
61
1
64
1
35
1
84
1
62
1
5
1
5
1
51
1
24
1
52
1
25
1
83
1
41
1
97
1
74
1
39
1
18
1
92
1
35
1
31
1
95
1
67
1
56
1
73
1
45
1
75
1
97
1
58
1
73
1
14
1
13
1
37
1
77
1
63
1
85
1
92
1
15
1
53
1
21
1
31
1
79
1
94
1
68
1
87
1
0
1
19
1
55
24
4
1
8
1
99
1
37
1
36
1
23
1
28
1
27
1
98
1
87
1
37
1
58
1
56
1
41
1
22
1
63
1
10
1
86
1
68
1
26
1
43
1
9
1
68
1
45
1
52
1
25
1
10
1
73
1
13
1
13
1
77
1
95
1
58
1
29
1
53
1
96
1
62
1
63
1
4
1
51
1
24
1
40
1
16
1
24
1
96
1
47
1
87
1
41
1
29
1
90
1
68
1
77
1
37
1
18
1
20
1
76
1
6
1
58
1
63
1
96
1
6
1
49
1
73
1
95
1
68
1
12
1
30
1
26
1
98
1
48
1
6
1
84
1
92
1
90
1
97
1
16
1
93
1
91
1
11
1
88
1
89
1
63
1
19
1
57
1
40
1
22
1
91
1
25
1
47
1
17
1
9
1
8
1
95
1
7
1
68
1
49
1
2
1
2
1
62
1
29
1
78
24
4
78
25
0
