24
1
88
1
36
1
58
1
9
1
28
1
2
1
8
1
50
1
58
1
50
1
67
1
86
1
61
1
49
1
55
1
27
1
98
1
11
1
16
1
93
1
8
1
56
1
0
1
34
1
29
1
2
1
99
1
63
1
58
1
58
1
63
1
20
1
30
1
10
1
32
1
81
1
34
1
72
1
22
1
78
1
91
1
28
1
56
1
40
1
75
1
38
1
73
1
43
1
56
1
45
1
52
1
92
1
33
1
72
1
31
1
71
1
70
1
49
1
88
1
69
1
48
1
95
1
17
1
77
1
76
1
48
1
98
1
93
1
46
1
14
1
33
1
34
1
31
1
69
1
49
1
32
1
26
1
8
1
78
1
75
1
49
1
99
1
36
1
1
1
17
1
99
1
88
1
91
1
1
1
9
1
66
1
69
1
50
1
28
1
42
1
16
1
0
1
54
1
75
1
8
25
0
