1
11
1
65
1
61
1
58
1
33
1
5
1
85
1
83
1
85
1
69
1
17
1
19
1
24
1
70
1
59
1
15
1
0
1
26
1
11
1
26
1
69
1
3
1
48
1
22
1
56
1
81
1
12
1
46
1
19
1
38
1
19
1
31
1
13
1
76
1
35
1
96
1
64
1
49
1
64
1
96
1
43
1
3
1
29
1
41
1
54
1
100
1
7
1
37
1
35
1
25
1
78
1
78
1
64
1
72
1
73
1
13
1
4
1
79
1
89
1
79
1
10
1
93
1
47
1
82
1
2
1
37
1
47
1
79
1
27
1
88
1
35
1
61
1
16
1
24
1
67
1
3
1
1
1
88
1
100
1
52
1
68
1
73
1
41
1
21
1
78
1
79
1
29
1
34
1
55
1
82
1
39
1
32
1
29
1
95
1
23
1
24
1
68
1
19
1
60
1
40
24
6
11
6
65
6
61
6
58
6
33
6
5
6
85
6
83
6
85
6
69
6
17
6
19
6
24
6
70
6
59
6
15
6
0
6
26
6
11
6
26
6
69
6
3
6
48
6
22
6
56
6
81
6
12
6
46
6
19
6
38
6
19
6
31
6
13
6
76
6
35
6
96
6
64
6
49
6
64
6
96
6
43
6
3
6
29
6
41
6
54
6
100
6
7
6
37
6
35
6
25
6
78
6
78
6
64
6
72
6
73
6
13
6
4
6
79
6
89
6
79
6
10
6
93
6
47
6
82
6
2
6
37
6
47
6
79
6
27
6
88
6
35
6
61
6
16
6
24
6
67
6
3
6
1
6
88
6
100
6
52
6
68
6
73
6
41
6
21
6
78
6
79
6
29
6
34
6
55
6
82
6
39
6
32
6
29
6
95
6
23
6
24
6
68
6
19
6
60
6
40
25
0
