1
0
1
1
1
2
1
3
1
4
1
5
1
6
1
7
1
8
1
9
1
10
1
11
1
12
1
13
1
14
1
15
1
16
1
17
1
18
1
19
1
20
1
21
1
22
1
23
1
24
1
25
1
26
1
27
1
28
1
29
1
30
1
31
1
32
1
33
1
34
1
35
1
36
1
37
1
38
1
39
1
40
1
41
1
42
1
43
1
44
1
45
1
46
1
47
1
48
1
49
1
50
1
51
1
52
1
53
1
54
1
55
1
56
1
57
1
58
1
59
1
60
1
61
1
62
1
63
1
64
1
65
1
66
1
67
1
68
1
69
1
70
1
71
1
72
1
73
1
74
1
75
1
76
1
77
1
78
1
79
1
80
1
81
1
82
1
83
1
84
1
85
1
86
1
87
1
88
1
89
1
90
1
91
1
92
1
93
1
94
1
95
1
96
1
97
1
98
1
99
14
14
0
14
1
14
2
14
3
14
4
14
5
14
6
14
7
14
8
14
9
14
10
14
11
14
12
14
13
14
14
14
15
14
16
14
17
14
18
14
19
14
20
14
21
14
22
14
23
14
24
14
25
14
26
14
27
14
28
14
29
14
30
14
31
14
32
14
33
14
34
14
35
14
36
14
37
14
38
14
39
14
40
14
41
14
42
14
43
14
44
14
45
14
46
14
47
14
48
14
49
14
50
14
51
14
52
14
53
14
54
14
55
14
56
14
57
14
58
14
59
14
60
14
61
14
62
14
63
14
64
14
65
14
66
14
67
14
68
14
69
14
70
14
71
14
72
14
73
14
74
14
75
14
76
14
77
14
78
14
79
14
80
14
81
14
82
14
83
14
84
14
85
14
86
14
87
14
88
14
89
14
90
14
91
14
92
14
93
14
94
14
95
14
96
14
97
14
98
14
99
25
0
14
0
14
1
14
2
14
3
14
4
14
5
14
6
14
7
14
8
14
9
14
10
14
11
14
12
14
13
14
14
14
15
14
16
14
17
14
18
14
19
14
20
14
21
14
22
14
23
14
24
14
25
14
26
14
27
14
28
14
29
14
30
14
31
14
32
14
33
14
34
14
35
14
36
14
37
14
38
14
39
14
40
14
41
14
42
14
43
14
44
14
45
14
46
14
47
14
48
14
49
14
50
14
51
14
52
14
53
14
54
14
55
14
56
14
57
14
58
14
59
14
60
14
61
14
62
14
63
14
64
14
65
14
66
14
67
14
68
14
69
14
70
14
71
14
72
14
73
14
74
14
75
14
76
14
77
14
78
14
79
14
80
14
81
14
82
14
83
14
84
14
85
14
86
14
87
14
88
14
89
14
90
14
91
14
92
14
93
14
94
14
95
14
96
14
97
14
98
14
99
