1
68
1
9
1
24
1
38
1
59
1
43
1
35
1
73
1
40
1
14
1
41
1
88
1
15
1
39
1
99
1
60
1
44
1
76
1
45
1
72
1
97
1
37
1
58
1
14
1
47
1
96
1
56
1
52
1
28
1
98
1
36
1
63
1
14
1
85
1
68
1
81
1
74
1
1
1
52
1
77
1
85
1
95
1
76
1
30
1
94
1
12
1
78
1
7
1
1
1
62
1
18
1
13
1
26
1
77
1
46
1
35
1
30
1
67
1
53
1
92
1
93
1
77
1
31
1
25
1
91
1
63
1
4
1
32
1
34
1
70
1
54
1
44
1
42
1
66
1
81
1
46
1
24
1
14
1
99
1
45
1
98
1
24
1
54
1
58
1
62
1
99
1
11
1
94
1
95
1
6
1
30
1
16
1
31
1
69
1
88
1
56
1
28
1
27
1
100
1
74
24
6
68
6
9
6
24
6
38
6
59
6
43
6
35
6
73
6
40
6
14
6
41
6
88
6
15
6
39
6
99
6
60
6
44
6
76
6
45
6
72
6
97
6
37
6
58
6
14
6
47
6
96
6
56
6
52
6
28
6
98
6
36
6
63
6
14
6
85
6
68
6
81
6
74
6
1
6
52
6
77
6
85
6
95
6
76
6
30
6
94
6
12
6
78
6
7
6
1
6
62
6
18
6
13
6
26
6
77
6
46
6
35
6
30
6
67
6
53
6
92
6
93
6
77
6
31
6
25
6
91
6
63
6
4
6
32
6
34
6
70
6
54
6
44
6
42
6
66
6
81
6
46
6
24
6
14
6
99
6
45
6
98
6
24
6
54
6
58
6
62
6
99
6
11
6
94
6
95
6
6
6
30
6
16
6
31
6
69
6
88
6
56
6
28
6
27
6
100
6
74
25
0
